Test !
Solution obtenue : [[0, 0, 0, 0, 0, 0, 0, 1, 1, 1], [0, 1, 1, 1, 0, 0, 1, 0, 0, 0], [1, 0, 0, 0, 1, 1, 0, 0, 0, 0]]
 
Ensembles déterminés :
[8, 9, 10]
[2, 3, 4, 7]
[1, 5, 6]

Coût de la solution : 136.08663545171433
 
Caractérisation de la robustesse pour les longueurs : [[0.0, 0.0, 0.0, 0.0, 0.0, 0.0, 0.0, 0.0, 0.0], [0.0, 0.0, 0.0, 0.0, 0.0, 0.0, 0.0, 0.0], [0.0, 0.0, 0.0, 0.0, 0.0, 0.0, 0.0], [0.0, 0.0, 2.0, 0.0, 0.0, 0.0], [0.0, 0.0, 0.0, 0.0, 0.0], [0.0, 0.0, 0.0, 0.0], [0.0, 0.0, 0.0], [0.0, 0.0], [0.0]]
 
